
Const dungeonescape_TILE_COUNT = 34
Const dungeonescape_TILE_WIDTH = 16
Const dungeonescape_TILE_HEIGHT = 16

Const dungeonescapedungeonmap_MAP_WIDTH = 100
Const dungeonescapedungeonmap_MAP_HEIGHT = 100

.dungeonescapedungeonmapMap
Data 0,0,0,0,1,0,1,0,0,0,0,0,0,0,0,0,0,0,0,0,0,0,0,0,0,0,0,0,0,0,0,0,0,0,0,0
Data 0,0,0,0,0,0,0,0,0,0,0,0,0,0,0,0,0,0,0,0,0,0,0,0,0,0,0,0,0,0,0,0,0,0,0,0
Data 0,0,0,0,0,0,0,0,0,0,0,0,0,0,0,0,0,0,0,0,0,0,0,0,0,0,0,0
Data 0,0,2,3,4,5,4,3,6,0,0,0,0,0,0,0,0,0,0,0,0,0,0,0,0,0,0,0,0,0,0,0,0,0,0,0
Data 0,0,0,0,0,0,0,0,0,0,0,0,0,0,0,0,0,0,0,0,0,0,0,0,0,0,0,0,0,0,0,0,0,0,0,0
Data 0,0,0,0,0,0,0,0,0,0,0,0,0,0,0,0,0,0,0,0,0,0,0,0,0,0,0,0
Data 0,0,7,7,8,7,8,7,7,0,0,0,0,0,0,0,0,0,0,0,0,0,0,0,0,0,0,0,0,0,0,0,0,0,0,0
Data 0,0,0,0,0,0,0,0,0,0,0,0,0,0,0,0,0,0,0,0,0,0,0,0,0,0,0,0,0,0,0,0,0,0,0,0
Data 0,0,0,0,0,0,0,0,0,0,0,0,0,0,0,0,0,0,0,0,0,0,0,0,0,0,0,0
Data 0,0,7,7,7,7,7,7,7,0,0,0,0,0,0,0,0,0,0,0,0,0,0,0,0,0,0,0,1,0,0,0,0,1,0,0
Data 0,0,0,0,0,0,0,0,0,0,0,0,0,0,0,0,0,0,0,0,0,0,0,0,0,0,0,0,0,0,0,0,0,0,0,0
Data 0,0,0,0,0,0,0,0,0,0,0,0,0,0,0,0,0,0,0,0,0,0,0,0,0,0,0,0
Data 0,0,7,9,7,7,9,7,7,0,0,0,0,0,0,0,0,0,0,0,0,0,0,0,0,2,10,2,11,5,10,10,2,11
Data 6,10,2,0,0,0,0,0,0,0,0,0,0,0,0,0,0,0,0,0,0,0,0,0,0,0,0,0,0,0,0,0,0,0,0
Data 0,0,0,0,0,0,0,0,0,0,0,0,0,0,0,0,0,0,0,0,0,0,0,0,0,0,0,0,0,0,0
Data 0,0,7,7,7,7,7,7,7,0,0,0,0,0,0,0,0,0,0,0,0,0,0,0,0,7,7,7,12,7,7,7,7,12,7
Data 7,7,0,0,0,0,0,0,0,0,0,0,0,0,0,0,0,0,0,0,0,0,0,0,0,0,0,0,0,0,0,0,0,0,0,0
Data 0,0,0,0,0,0,0,0,0,0,0,0,0,0,0,0,0,0,0,0,0,0,0,0,0,0,0,0,0
Data 0,0,7,7,7,7,7,7,7,0,0,0,0,0,0,0,0,0,0,13,0,0,13,0,0,7,7,7,14,7,7,7,7,7
Data 7,7,14,0,0,0,0,0,0,0,0,0,0,0,0,0,0,0,0,0,0,0,0,0,0,0,0,0,0,0,0,0,0,0,0
Data 0,0,0,0,0,0,0,0,0,0,0,0,0,0,0,0,0,0,0,0,0,0,0,0,0,0,0,0,0,0,0
Data 0,0,7,7,7,15,7,7,7,0,0,0,0,0,0,0,0,2,3,16,5,2,16,3,17,7,7,7,7,7,7,7,7,7
Data 7,7,7,0,0,0,0,0,0,0,0,0,0,0,0,0,1,0,0,0,0,0,0,0,0,0,0,0,0,0,0,0,0,0,0,0
Data 0,0,0,0,0,0,0,0,0,0,0,0,0,0,0,0,0,0,0,0,0,0,0,0,0,0,0,0,0,0
Data 0,0,7,7,7,7,7,18,7,0,0,0,0,0,0,0,0,7,7,19,7,7,19,7,7,7,14,7,7,7,9,7,7,7
Data 7,7,7,0,0,0,0,0,0,0,0,6,20,20,20,2,4,5,20,20,20,2,0,0,0,0,0,0,0,0,0,0,0
Data 0,0,0,0,0,0,0,0,0,0,0,0,0,0,0,0,0,0,0,0,0,0,0,0,0,0,0,0,0,0,0,0,0
Data 0,0,7,7,7,7,7,7,7,0,0,13,0,0,13,0,0,7,7,9,7,7,7,9,7,7,7,9,7,9,7,7,7,7,7
Data 7,7,0,0,0,0,0,0,0,0,7,7,7,7,7,8,7,7,7,7,7,0,0,0,0,0,0,0,0,0,0,0,0,0,0,0
Data 0,0,0,0,0,0,0,0,0,0,0,0,0,0,0,0,0,0,0,0,0,0,0,0,0,0,0,0,0
Data 0,0,7,7,7,7,7,7,7,21,3,16,2,6,16,3,17,7,7,7,7,9,7,7,7,7,7,7,7,7,7,7,7,7
Data 9,7,7,0,0,0,0,0,0,0,0,7,7,7,7,7,7,7,7,9,7,7,0,0,0,0,0,0,0,0,0,0,0,0,0,0
Data 0,0,0,0,0,0,0,0,0,0,0,0,0,0,0,0,0,0,0,0,0,0,0,0,0,0,0,0,0,0
Data 0,0,7,18,7,7,7,7,22,23,23,19,7,7,19,23,23,7,7,7,24,2,5,2,2,7,7,7,7,7,7
Data 14,7,7,7,7,7,0,0,0,0,0,0,0,0,7,7,7,9,7,7,18,7,7,7,7,0,0,0,0,0,0,0,0,0,0
Data 0,0,0,0,0,0,0,0,0,0,0,0,0,0,0,0,0,0,0,0,0,0,0,0,0,0,0,0,0,0,0,0,0,0
Data 0,0,7,7,7,7,7,7,7,23,23,7,18,7,7,23,23,7,18,7,0,0,0,0,0,7,7,7,7,9,7,7,7
Data 7,7,7,7,0,0,0,0,0,0,0,0,7,7,7,7,7,7,7,7,7,18,7,0,0,0,0,0,0,0,0,0,0,0,0
Data 0,0,0,0,0,0,0,0,0,0,0,0,0,0,0,0,0,0,0,0,0,0,0,0,0,0,0,0,0,0,0,0
Data 0,0,7,7,7,7,7,7,7,23,23,7,7,7,7,23,23,7,7,7,0,0,0,0,0,7,7,7,7,7,7,7,7,14
Data 7,7,7,0,0,0,0,0,0,0,0,7,7,7,7,7,7,7,7,7,7,7,0,0,0,0,0,0,0,0,0,0,0,0,0,0
Data 0,0,0,0,0,0,0,0,0,0,0,0,0,0,0,0,0,0,0,0,0,0,0,0,0,0,0,0,0,0
Data 0,0,2,2,6,2,2,2,2,5,2,2,2,6,2,2,2,7,7,7,0,0,0,0,0,2,5,2,25,7,7,7,24,2,5
Data 2,2,0,0,0,0,0,0,0,0,7,9,7,18,7,7,7,7,7,9,7,0,0,0,0,0,0,0,0,0,0,0,0,0,0
Data 0,0,0,0,0,0,0,0,0,0,0,0,0,0,0,0,0,0,0,0,0,0,0,0,0,0,0,0,0,0
Data 0,0,0,0,0,0,0,0,0,0,0,0,0,0,0,0,0,7,7,7,0,0,0,0,0,0,0,0,0,7,7,7,0,0,0,0
Data 0,0,0,0,0,0,0,0,0,7,7,7,7,7,7,7,7,7,7,7,0,0,0,0,0,0,0,0,0,0,0,0,0,0,0,0
Data 0,0,0,0,0,0,0,0,0,0,0,0,0,0,0,0,0,0,0,0,0,0,0,0,0,0,0,0
Data 0,0,0,0,0,0,0,0,0,0,0,0,0,0,0,0,0,7,7,7,0,0,0,0,0,0,0,0,0,23,23,23,0,0
Data 0,0,0,0,0,0,0,0,0,0,0,25,7,7,7,24,2,6,2,2,6,2,0,0,0,0,0,0,0,0,0,0,0,0,0
Data 0,0,0,0,0,0,0,0,0,0,0,0,0,0,0,0,0,0,0,0,0,0,0,0,0,0,0,0,0,0,0
Data 0,0,0,0,0,0,0,0,0,0,0,0,0,0,0,0,0,7,7,7,0,0,0,0,0,0,0,0,0,23,23,23,0,0
Data 0,0,0,0,0,0,0,0,0,0,0,0,7,7,22,0,0,0,0,0,0,0,0,0,0,0,0,0,0,0,0,0,0,0,0
Data 0,0,0,0,0,0,0,0,0,0,0,0,0,0,0,0,0,0,0,0,0,0,0,0,0,0,0,0,0,0,0
Data 0,0,0,0,0,0,0,0,0,0,0,0,0,0,0,0,0,7,7,7,0,0,0,0,0,0,0,0,0,7,7,7,0,0,0,0
Data 0,0,0,0,0,0,0,0,0,0,7,26,7,0,0,0,0,0,0,0,0,0,0,0,0,0,0,0,0,0,0,0,0,0,0
Data 0,0,1,0,0,1,0,0,0,0,0,0,0,0,0,0,0,0,0,0,0,0,0,0,0,0,0,0,0
Data 0,0,0,0,0,0,0,0,0,0,0,0,0,0,2,27,17,7,7,9,21,2,28,6,27,2,28,2,17,7,7,7
Data 21,28,2,28,6,28,2,27,2,28,2,28,5,17,7,7,7,21,2,0,0,0,0,0,0,0,0,0,0,0,0
Data 0,0,0,0,0,0,0,0,0,2,11,2,5,11,2,0,0,0,0,0,0,0,0,0,0,0,0,0,0,0,0,0,0,0,0
Data 0,0
Data 0,0,0,0,0,0,0,0,0,0,0,0,0,0,7,29,7,7,7,22,7,7,7,7,29,7,7,7,7,30,7,7,7,7
Data 7,7,7,7,7,29,7,7,7,7,7,7,7,7,22,7,7,0,0,0,0,0,0,0,0,0,0,0,0,0,0,0,0,0,0
Data 0,0,0,7,12,7,7,12,7,0,0,0,0,0,0,0,0,0,0,0,0,0,0,0,0,0,0,0,0,0,0
Data 0,0,0,0,0,0,0,0,0,0,0,0,0,0,7,7,7,7,7,7,7,7,7,7,7,7,7,7,7,7,7,7,7,7,7,7
Data 7,7,7,7,7,7,7,7,7,7,7,7,7,7,7,0,0,0,0,0,0,0,0,0,0,0,0,0,0,0,0,0,0,0,10
Data 17,7,7,7,7,7,7,21,10,0,0,0,0,0,0,0,0,0,0,0,0,0,0,0,0,0,0,0,0
Data 0,0,0,0,0,0,0,0,0,0,0,0,0,0,7,7,7,7,7,9,7,7,7,7,7,7,7,7,7,7,7,7,7,7,7,7
Data 7,7,7,7,7,18,14,7,7,7,7,7,7,7,7,0,0,0,0,0,0,0,0,0,0,0,0,0,0,0,0,0,0,0,7
Data 7,30,7,7,7,7,22,7,7,0,0,0,0,0,0,0,0,0,0,0,0,0,0,0,0,0,0,0,0
Data 0,0,0,0,0,0,0,0,0,0,0,0,0,0,7,9,7,7,7,7,7,7,31,31,31,31,31,31,31,31,31
Data 31,31,31,31,31,31,31,7,7,7,7,7,7,14,7,9,7,7,7,7,0,0,0,0,0,0,0,0,0,0,0,0
Data 0,0,0,0,0,0,17,7,7,7,7,7,7,7,7,7,7,21,10,0,0,0,0,0,0,0,0,0,0,0,0,0,0,0
Data 0,0,0
Data 0,0,0,0,0,0,0,2,27,6,2,0,0,0,7,7,7,7,7,7,7,7,0,23,23,23,23,23,23,23,23
Data 23,23,23,23,23,23,0,7,7,26,7,7,7,7,7,7,7,9,7,7,21,2,27,5,27,2,2,0,0,0,0
Data 0,0,0,0,0,0,0,7,7,7,7,7,7,9,7,7,7,7,7,7,0,0,0,0,0,0,0,0,0,0,0,0,0,0,0,0
Data 0,0
Data 0,0,0,0,0,0,0,32,29,7,7,0,0,0,7,7,7,22,7,7,7,7,23,7,14,7,18,7,7,7,7,7,7
Data 7,14,7,7,23,7,7,7,7,7,7,7,7,14,7,7,7,7,7,7,29,7,29,7,7,0,0,0,0,0,0,0,0
Data 2,10,17,7,7,7,7,7,7,7,7,7,7,7,7,7,21,10,0,0,0,0,0,0,0,0,0,0,0,0,0,0,0,0
Data 0,0,0,0,0,0,0,7,7,7,7,21,2,17,7,7,7,7,7,7,7,7,23,7,7,7,7,7,7,7,7,7,7,7
Data 7,7,7,23,7,7,7,9,7,9,7,7,7,14,7,7,7,7,7,7,7,7,7,7,0,0,0,0,0,0,0,0,7,7,7
Data 32,7,7,7,7,7,7,9,7,7,7,7,22,9,7,0,0,0,0,0,0,0,0,0,0,0,0,0,0,0,0
Data 0,0,0,0,0,0,0,7,14,7,7,7,7,7,7,7,7,7,7,7,9,7,23,7,7,7,7,7,7,18,7,7,18,7
Data 7,7,7,23,7,7,7,7,7,14,14,7,7,7,7,7,7,26,7,7,7,7,7,7,0,0,0,0,0,0,10,17,7
Data 7,7,7,7,7,9,7,7,7,7,7,7,9,7,7,7,7,21,10,0,0,0,0,0,0,0,0,0,0,0,0,0,0
Data 0,0,0,0,0,0,0,7,7,7,9,7,26,7,7,7,9,7,7,7,7,7,23,7,7,7,7,7,14,7,7,7,7,7
Data 7,7,7,23,7,7,7,7,7,7,7,7,14,7,7,7,7,7,7,7,7,7,7,7,0,0,0,0,0,0,7,7,7,7,7
Data 7,9,7,7,7,7,7,7,7,7,7,7,7,7,33,7,7,0,0,0,0,0,0,0,0,0,0,0,0,0,0
Data 0,0,0,0,0,0,0,7,7,7,7,7,7,7,7,7,7,7,7,7,7,7,31,23,23,23,23,23,23,23,23
Data 23,23,23,23,23,23,31,7,7,9,7,7,7,7,9,7,7,7,7,7,7,7,7,18,32,7,7,0,0,0,0
Data 0,0,7,7,7,7,7,7,7,7,7,7,7,9,7,7,7,7,7,7,7,7,7,7,0,0,0,0,0,0,0,0,0,0,0,0
Data 0,0
Data 0,0,0,0,0,0,0,7,14,7,7,24,2,25,7,7,7,7,7,7,7,7,0,31,31,31,31,31,31,31,31
Data 31,31,31,31,31,31,0,7,7,7,7,7,7,7,7,7,14,7,7,7,24,2,2,25,18,7,7,0,0,0,0
Data 0,0,7,7,7,7,31,31,31,31,31,31,31,31,31,31,31,31,31,31,31,7,7,7,0,0,0,0
Data 0,0,0,0,0,0,0,0,0,0
Data 0,0,0,0,0,0,0,7,7,7,33,0,0,0,7,7,7,7,7,7,7,7,7,7,7,7,7,7,7,7,7,7,7,7,7
Data 7,7,7,7,7,7,7,7,7,7,7,7,7,7,7,7,0,0,0,0,23,23,23,0,0,0,0,0,0,7,7,7,7,0
Data 0,7,7,7,7,7,7,7,7,7,7,22,0,0,7,7,7,0,0,0,0,0,0,0,0,0,0,0,0,0,0
Data 0,0,0,0,0,0,0,2,2,5,2,0,0,0,7,7,7,7,7,7,32,9,7,7,7,7,7,7,7,14,7,7,14,7
Data 7,14,7,7,7,7,7,7,7,7,9,7,7,7,7,7,33,0,0,0,0,23,23,23,0,13,0,0,13,0,7,7
Data 7,7,7,7,7,7,7,7,14,7,7,7,7,7,7,7,14,7,7,7,0,0,0,0,0,0,0,0,0,0,0,0,0,0
Data 0,0,0,0,0,0,0,0,0,0,0,0,0,0,2,2,6,2,2,25,7,7,7,7,14,7,7,7,7,7,7,7,7,14
Data 7,7,7,7,7,7,24,2,5,2,2,6,2,2,5,2,2,0,0,0,0,7,7,7,21,16,2,2,16,17,7,7,7
Data 7,7,7,7,14,14,7,7,7,7,7,7,14,7,7,14,7,7,7,0,0,0,0,0,0,0,0,0,0,0,0,0,0
Data 0,0,0,0,0,0,0,0,0,0,0,0,0,0,0,0,0,0,0,0,7,7,7,7,7,7,7,7,14,7,7,7,7,7,7
Data 7,7,7,7,33,0,0,0,0,0,0,0,0,0,0,0,0,0,0,0,7,7,22,7,19,7,7,19,23,7,7,7,7
Data 7,7,7,7,7,7,7,7,7,7,7,7,7,7,7,7,7,7,0,0,0,0,0,0,0,0,0,0,0,0,0,0
Data 0,0,0,0,0,0,0,0,0,0,0,0,0,0,0,0,0,0,0,0,21,25,7,7,7,7,7,14,7,7,7,7,14,14
Data 7,7,7,33,24,2,0,0,0,0,0,0,0,0,0,0,0,0,0,0,0,7,7,7,18,7,7,7,7,23,7,7,7,7
Data 31,31,7,7,7,7,7,14,7,7,7,7,33,31,31,7,7,7,0,0,0,0,0,0,0,0,0,0,0,0,0,0
Data 0,0,0,0,0,0,0,0,0,0,0,0,0,0,0,0,0,0,0,0,0,0,7,7,7,7,7,7,7,7,7,7,7,7,7,7
Data 7,7,0,0,0,0,0,0,0,0,0,0,0,0,0,0,0,0,0,32,7,7,7,7,7,7,18,23,32,7,7,7,0,0
Data 31,31,31,31,31,31,31,31,31,31,31,0,0,7,7,23,0,0,0,0,0,0,0,0,0,0,0,0,0,0
Data 0,0,0,0,0,0,0,0,0,0,0,0,0,0,0,0,0,0,0,0,0,0,2,25,32,7,7,7,14,7,7,7,7,7
Data 7,7,24,2,0,0,0,0,0,0,0,0,0,0,0,0,0,0,0,0,0,2,2,6,2,2,2,5,2,25,7,7,7,7,23
Data 7,7,7,7,7,7,7,23,7,7,7,7,7,7,7,23,7,0,0,0,0,0,0,0,0,0,0,0,0,0,0
Data 0,0,0,0,0,0,0,0,0,0,0,0,0,0,0,0,0,0,0,0,0,0,0,0,7,7,7,7,7,7,7,7,7,7,7,7
Data 0,0,0,0,0,0,0,0,0,0,0,0,0,0,0,0,0,0,0,0,0,0,0,0,0,0,0,0,7,7,7,23,7,23,7
Data 7,7,7,7,23,7,23,7,7,14,7,7,23,7,7,0,0,0,0,0,0,0,0,0,0,0,0,0,0
Data 0,0,0,0,0,0,0,0,0,0,0,0,0,0,0,0,0,0,0,0,0,0,0,0,2,25,7,7,7,7,7,7,7,33,24
Data 2,0,0,0,0,0,0,0,0,0,0,0,0,0,0,0,0,0,0,0,0,0,0,0,0,0,0,0,0,7,7,23,7,9,7
Data 23,7,7,7,23,7,7,7,23,7,7,7,23,7,7,7,0,0,0,0,0,0,0,0,0,0,0,0,0,0
Data 0,0,0,0,0,0,0,0,0,0,0,0,0,0,0,0,0,0,0,0,0,0,0,0,0,0,7,7,7,7,7,7,7,7,0,0
Data 0,0,0,0,0,0,0,0,0,0,0,0,0,0,0,0,0,0,0,0,0,0,0,0,0,0,0,0,7,23,7,7,7,9,7
Data 23,7,23,7,7,7,7,7,23,7,23,18,7,7,7,0,0,0,0,0,0,0,0,0,0,0,0,0,0
Data 0,0,0,0,0,0,0,0,0,0,0,0,0,0,0,0,0,0,0,0,0,0,0,0,0,0,2,25,23,23,23,23,24
Data 2,0,0,0,0,0,0,0,0,0,0,0,0,0,0,0,0,0,0,0,0,0,0,0,0,0,0,0,0,0,0,23,7,7,7
Data 7,7,7,7,23,7,7,7,7,7,7,7,23,7,7,7,7,7,0,0,0,0,0,0,0,0,0,0,0,0,0,0
Data 0,0,0,0,0,0,0,0,0,0,0,0,0,0,0,0,0,0,0,0,0,0,0,0,0,0,0,0,23,23,23,23,0,0
Data 0,0,0,0,0,0,0,0,0,0,0,0,0,0,0,0,0,0,0,0,0,0,0,0,0,0,0,0,0,0,7,7,7,7,31
Data 31,31,31,31,31,31,31,31,31,31,31,31,31,31,7,7,7,0,0,0,0,0,0,0,0,0,0,0,0
Data 0,0
Data 0,0,0,0,0,0,0,0,0,0,0,0,0,0,0,0,0,0,0,0,0,0,0,0,0,0,20,17,23,23,23,23,21
Data 20,0,0,0,0,0,0,0,0,0,0,0,0,0,0,0,0,0,0,0,0,0,0,0,0,0,0,0,0,0,0,7,7,7,7
Data 0,0,7,7,7,7,7,7,18,7,7,7,7,0,0,7,7,7,0,0,0,0,0,0,0,0,0,0,0,0,0,0
Data 0,0,0,0,0,0,0,0,0,0,0,0,0,0,0,0,0,0,0,0,0,0,0,0,0,0,7,7,7,7,7,7,7,23,0
Data 0,0,0,0,0,0,0,0,0,0,0,0,0,0,0,0,0,0,0,0,0,0,0,0,0,0,0,0,0,14,7,7,7,7,7
Data 7,7,7,14,7,7,7,7,7,7,14,7,7,7,7,7,0,0,0,0,0,0,0,0,0,0,0,0,0,0
Data 0,0,0,0,0,0,0,0,0,0,0,0,0,0,0,0,0,0,0,0,0,0,0,0,2,17,7,7,7,7,7,7,7,7,21
Data 2,0,0,0,0,0,0,0,0,0,0,0,0,0,0,0,0,0,0,0,0,0,0,0,0,0,0,0,0,7,7,7,7,7,7,7
Data 18,7,7,7,7,7,7,7,7,18,7,7,7,7,7,0,0,0,0,0,0,0,0,0,0,0,0,0,0
Data 0,0,0,0,0,0,0,0,0,0,0,0,0,0,0,0,0,0,0,0,0,0,0,0,7,7,7,7,7,7,23,7,7,7,7
Data 7,0,0,0,0,0,0,0,0,0,0,0,0,0,0,0,0,0,0,0,0,0,0,0,0,0,0,0,0,7,7,18,7,7,7
Data 7,7,7,7,7,14,7,7,7,7,7,7,7,7,7,7,0,0,0,0,0,0,0,0,0,0,0,0,0,0
Data 0,0,0,0,0,0,0,0,0,0,0,0,0,0,0,0,0,0,0,0,0,0,20,17,7,7,7,7,7,7,7,7,7,23
Data 7,7,21,20,0,0,0,0,0,0,0,0,0,0,0,0,0,0,0,0,0,0,0,0,0,0,0,0,0,0,7,7,7,7,31
Data 31,32,7,7,7,7,7,7,18,7,7,33,31,31,7,7,7,0,0,0,0,0,0,0,0,0,0,0,0,0,0
Data 0,0,0,0,0,0,0,0,0,0,0,0,0,0,0,0,0,0,0,0,0,0,7,7,30,7,7,23,7,7,7,7,7,7,7
Data 22,7,7,0,0,0,0,0,0,0,0,0,0,0,0,0,0,0,0,0,0,0,0,0,0,0,0,0,0,7,7,7,7,0,0
Data 31,31,31,31,31,31,31,31,31,31,31,0,0,7,7,7,0,0,0,0,0,0,0,0,0,0,0,0,0,0
Data 0,0,0,0,0,0,0,0,0,0,0,0,0,0,0,0,0,0,0,0,0,0,7,7,7,7,7,7,7,7,23,9,7,7,7
Data 7,7,7,21,20,2,0,0,0,0,0,0,0,0,0,0,0,0,0,0,0,0,0,0,0,0,0,0,0,7,7,7,7,7,7
Data 7,7,7,7,23,7,7,7,7,7,7,7,23,7,7,7,0,0,0,0,0,0,0,0,0,0,0,0,0,0
Data 0,0,0,0,0,0,0,0,0,0,0,0,0,0,0,2,20,2,20,6,20,17,7,7,23,7,7,7,7,7,7,7,7
Data 7,7,23,7,7,7,7,7,0,0,0,0,0,0,0,0,0,0,0,0,0,0,0,0,0,0,0,0,0,0,0,7,7,7,7
Data 7,7,7,7,7,23,7,23,7,7,7,7,7,23,7,23,7,7,0,0,0,0,0,0,0,0,0,0,0,0,0,0
Data 0,0,0,0,0,0,0,0,0,0,0,0,0,0,0,7,7,7,7,7,7,7,7,7,7,7,7,23,7,9,7,7,7,7,7
Data 7,7,7,7,23,7,0,0,0,0,0,0,0,0,0,0,0,0,0,0,0,0,0,0,0,0,0,0,0,7,7,7,23,23
Data 7,7,7,23,7,7,7,23,7,7,7,23,7,7,7,23,7,0,0,0,0,0,0,0,0,0,0,0,0,0,0
Data 0,0,0,0,0,0,0,0,0,0,0,0,0,0,0,7,7,7,7,7,7,23,7,7,7,7,7,18,18,9,7,7,23,7
Data 7,7,9,7,7,7,7,21,6,20,2,0,0,0,0,0,0,0,0,0,0,0,0,0,0,0,0,0,0,0,7,7,23,7
Data 7,23,7,23,7,7,7,7,7,23,7,23,7,7,7,7,7,23,0,0,0,0,0,0,0,0,0,0,0,0,0,0
Data 0,0,0,0,0,0,0,0,0,0,0,2,27,20,17,7,7,7,7,7,7,7,7,7,7,23,7,7,7,7,9,18,7
Data 7,7,7,23,7,7,7,22,7,7,7,7,0,0,0,0,0,0,0,0,0,0,0,0,0,0,0,0,0,0,0,7,23,7
Data 7,7,7,23,7,7,7,7,7,7,7,23,7,7,7,7,7,7,7,0,0,0,0,0,0,0,0,0,0,0,0,0,0
Data 0,0,0,0,0,0,0,0,0,0,0,7,29,7,7,30,7,7,23,7,7,7,7,7,7,7,7,7,7,23,9,26,7
Data 7,7,7,7,7,7,7,23,7,7,7,7,0,0,0,0,0,0,0,0,0,0,0,0,0,0,0,0,0,0,0,23,7,7,7
Data 7,7,7,31,31,31,31,31,31,31,31,31,31,31,31,7,7,7,0,0,0,0,0,0,0,0,0,0,0,0
Data 0,0
Data 0,0,0,0,0,0,0,0,0,0,0,7,7,7,7,7,7,7,7,7,7,7,23,7,7,7,7,7,7,7,7,18,18,23
Data 7,7,7,7,9,7,7,7,7,7,7,0,0,0,0,0,0,0,0,0,0,0,0,0,0,0,0,0,0,0,2,25,7,7,7
Data 7,7,7,9,7,7,7,7,7,7,7,7,7,7,7,7,7,0,0,0,0,0,0,0,0,0,0,0,0,0,0
Data 0,0,0,0,0,0,0,0,0,0,0,7,7,7,7,23,7,7,7,7,7,7,7,7,7,7,23,7,7,7,7,9,7,7,7
Data 7,7,23,7,7,7,18,7,7,23,0,0,0,0,0,0,0,0,0,0,0,0,0,0,0,0,0,0,0,0,0,30,7,7
Data 7,7,7,7,7,7,7,9,7,7,7,7,7,9,7,7,7,0,0,0,0,0,0,0,0,0,0,0,0,0,0
Data 0,0,0,0,0,0,0,0,0,0,0,7,7,32,7,7,7,7,7,23,7,7,7,7,7,7,7,7,9,7,23,7,7,7
Data 7,7,7,7,7,7,7,7,7,7,7,21,5,27,2,20,27,20,2,27,6,2,0,0,0,0,0,0,0,0,0,0,2
Data 25,7,7,7,7,7,7,7,7,7,7,7,7,9,7,7,7,7,7,0,0,0,0,0,0,0,0,0,0,0,0,0,0
Data 0,0,0,0,0,0,0,0,0,0,0,7,23,7,7,7,7,7,7,7,18,7,7,23,7,7,9,9,7,7,7,7,7,18
Data 23,7,9,7,7,7,7,23,7,7,22,7,7,29,7,7,29,7,23,29,7,7,0,0,13,0,13,0,13,0,13
Data 0,13,0,7,7,7,31,31,31,31,31,31,31,31,31,31,31,31,7,7,7,0,0,0,0,0,0,0,0
Data 0,0,0,0,0,0
Data 0,0,0,0,0,0,0,0,0,0,0,7,7,7,7,7,23,7,9,18,7,7,7,7,7,7,7,23,7,7,7,7,7,18
Data 7,7,9,9,7,7,9,7,7,7,7,23,7,7,7,7,7,7,7,7,7,7,2,2,16,2,16,2,16,2,16,2,16
Data 17,7,7,14,7,7,7,7,18,14,7,7,7,7,7,7,18,7,7,0,0,0,0,0,0,0,0,0,0,0,0,0,0
Data 0,0,0,0,0,0,0,0,0,0,0,7,7,7,7,7,7,7,7,7,23,7,7,7,7,7,7,7,7,7,7,23,7,7,7
Data 7,7,7,23,7,7,7,7,7,7,7,7,7,7,23,7,18,7,7,7,22,7,7,19,7,19,7,19,7,19,7,19
Data 7,30,7,7,7,7,7,7,7,7,14,7,7,7,18,7,7,7,7,0,0,0,0,0,0,0,0,0,0,0,0,0,0
Data 0,0,0,0,0,0,0,0,0,0,0,7,7,23,7,7,7,7,7,7,7,7,7,7,23,7,32,7,7,7,7,9,7,7
Data 7,7,7,7,7,7,7,7,23,7,7,7,7,9,9,7,7,7,7,23,7,7,7,7,9,7,7,7,7,9,7,7,18,7
Data 7,7,7,7,7,7,7,7,7,7,7,7,7,7,7,7,7,7,0,0,0,0,0,0,0,0,0,0,0,0,0,0
Data 0,0,0,0,0,0,0,0,0,0,0,2,6,5,2,2,2,5,6,2,2,5,2,2,6,25,7,7,23,7,7,7,7,7,7
Data 23,7,7,7,7,7,7,7,7,7,7,23,18,7,7,7,7,7,7,18,7,7,7,7,9,18,7,7,7,7,7,7,9
Data 7,7,7,7,7,7,7,7,7,7,7,7,33,7,7,7,7,33,0,0,0,0,0,0,0,0,0,0,0,0,0,0
Data 0,0,0,0,0,0,0,0,0,0,0,0,0,0,0,0,0,0,0,0,0,0,0,0,0,0,7,7,7,7,7,7,7,7,7,7
Data 7,7,7,23,7,7,7,7,7,7,18,7,7,9,23,7,7,7,7,7,7,9,7,7,7,7,7,7,18,7,9,7,7,7
Data 7,7,7,7,7,7,7,7,7,7,7,24,2,6,2,2,0,0,0,0,0,0,0,0,0,0,0,0,0,0
Data 0,0,0,0,0,0,0,0,0,0,0,0,0,0,0,0,0,0,0,0,0,0,0,0,0,0,7,7,7,7,7,7,23,7,7
Data 7,7,7,7,7,7,7,7,23,7,7,7,7,9,7,7,7,7,7,23,7,7,7,7,7,9,7,7,7,7,7,7,7,7,7
Data 7,6,7,7,7,7,32,7,33,7,7,0,0,0,0,0,0,0,0,0,0,0,0,0,0,0,0,0,0,0
Data 0,0,0,0,0,0,0,0,0,0,0,0,0,0,0,0,0,0,0,0,0,0,0,0,0,0,7,7,7,7,7,7,7,7,7,7
Data 23,7,7,7,7,7,7,7,7,7,7,23,7,7,7,7,7,7,7,7,24,2,5,6,2,2,2,2,5,2,2,2,6,2
Data 2,6,2,2,6,25,7,7,7,24,17,0,0,0,0,0,0,0,0,0,0,0,0,0,0,0,0,0,0,0
Data 0,0,0,0,0,0,0,0,0,0,0,0,0,0,0,0,0,0,0,0,0,0,0,0,0,0,7,7,7,23,7,7,7,9,7
Data 7,7,7,7,7,23,7,7,9,7,7,7,7,7,7,9,23,7,7,7,7,0,0,0,0,0,0,0,0,0,0,0,0,0,0
Data 0,0,0,0,0,0,32,7,33,0,0,0,0,0,0,0,0,0,0,0,0,0,0,0,0,0,0,0,0,0
Data 0,0,0,0,0,0,0,0,0,0,0,0,0,0,0,0,0,0,0,0,0,0,0,0,0,0,7,7,7,7,7,7,7,23,18
Data 7,7,7,7,7,7,7,9,9,23,7,26,7,7,7,7,7,18,7,7,23,0,0,0,0,0,0,0,0,0,0,0,0,0
Data 0,0,0,0,0,0,0,2,2,2,0,0,0,0,0,0,0,0,0,0,0,0,0,0,0,0,0,0,0,0,0
Data 0,0,0,0,0,0,0,0,0,0,0,0,0,0,0,0,0,0,0,0,0,0,0,0,0,0,23,7,7,7,7,7,7,7,7
Data 7,9,23,7,7,7,9,7,7,7,7,9,7,23,7,7,7,7,7,7,7,0,0,0,0,0,0,0,0,0,0,0,0,0,0
Data 0,0,0,0,0,0,0,0,0,0,0,0,0,0,0,0,0,0,0,0,0,0,0,0,0,0,0,0,0,0
Data 0,0,0,0,0,0,0,0,0,0,0,0,0,0,0,0,0,0,0,0,0,0,0,0,0,0,7,7,7,7,23,32,7,7,7
Data 7,9,9,7,18,18,23,18,7,7,7,7,7,18,18,7,7,23,7,7,7,0,0,0,0,0,0,0,0,0,0,0
Data 0,0,0,0,0,0,0,0,0,0,0,0,0,0,0,0,0,0,0,0,0,0,0,0,0,0,0,0,0,0,0,0,0
Data 0,0,0,0,0,0,0,0,0,0,0,0,0,0,0,0,0,0,0,0,0,0,0,0,0,0,2,2,6,2,25,7,7,7,23
Data 7,7,32,7,7,7,7,7,7,7,23,7,7,7,7,7,7,7,7,7,7,0,0,0,0,0,0,0,0,0,0,0,0,0,0
Data 0,0,0,0,0,0,0,0,0,0,0,0,0,0,0,0,0,0,0,0,0,0,0,0,0,0,0,0,0,0
Data 0,0,0,0,0,0,0,0,0,0,0,0,0,0,0,0,0,0,0,0,0,0,0,0,0,0,0,0,0,0,0,7,7,7,7,7
Data 7,7,23,7,7,7,7,7,7,7,7,7,7,23,7,7,7,24,2,2,0,0,0,0,0,0,0,0,0,0,0,0,0,0
Data 0,0,0,0,0,0,0,0,0,0,0,0,0,0,0,0,0,0,0,0,0,0,0,0,0,0,0,0,0,0
Data 0,0,0,0,0,0,0,0,0,0,0,0,0,0,0,0,0,0,0,0,0,0,0,0,0,0,0,0,0,0,0,23,7,7,7
Data 7,7,7,7,7,7,7,23,7,7,7,7,7,7,7,7,7,7,0,0,0,0,0,0,0,0,0,0,0,0,0,0,0,0,0
Data 0,0,0,0,0,0,0,0,0,0,0,0,0,0,0,0,0,0,0,0,0,0,0,0,0,0,0,0,0,0
Data 0,0,0,0,0,0,0,0,0,0,0,0,0,0,0,0,0,0,0,0,0,0,0,0,0,0,0,0,0,0,0,2,2,2,6,2
Data 2,2,2,2,2,2,5,2,2,2,2,2,2,6,2,2,2,0,0,0,0,0,0,0,0,0,0,0,0,0,0,0,0,0,0,0
Data 0,0,0,0,0,0,0,0,0,0,0,0,0,0,0,0,0,0,0,0,0,0,0,0,0,0,0,0
Data 0,0,0,0,0,0,0,0,0,0,0,0,0,0,0,0,0,0,0,0,0,0,0,0,0,0,0,0,0,0,0,0,0,0,0,0
Data 0,0,0,0,0,0,0,0,0,0,0,0,0,0,0,0,0,0,0,0,0,0,0,0,0,0,0,0,0,0,0,0,0,0,0,0
Data 0,0,0,0,0,0,0,0,0,0,0,0,0,0,0,0,0,0,0,0,0,0,0,0,0,0,0,0
Data 0,0,0,0,0,0,0,0,0,0,0,0,0,0,0,0,0,0,0,0,0,0,0,0,0,0,0,0,0,0,0,0,0,0,0,0
Data 0,0,0,0,0,0,0,0,0,0,0,0,0,0,0,0,0,0,0,0,0,0,0,0,0,0,0,0,0,0,0,0,0,0,0,0
Data 0,0,0,0,0,0,0,0,0,0,0,0,0,0,0,0,0,0,0,0,0,0,0,0,0,0,0,0
Data 0,0,0,0,0,0,0,0,0,0,0,0,0,0,0,0,0,0,0,0,0,0,0,0,0,0,0,0,0,0,0,0,0,0,0,0
Data 0,0,0,0,0,0,0,0,0,0,0,0,0,0,0,0,0,0,0,0,0,0,0,0,0,0,0,0,0,0,0,0,0,0,0,0
Data 0,0,0,0,0,0,0,0,0,0,0,0,0,0,0,0,0,0,0,0,0,0,0,0,0,0,0,0
Data 0,0,0,0,0,0,0,0,0,0,0,0,0,0,0,0,0,0,0,0,0,0,0,0,0,0,0,0,0,0,0,0,0,0,0,0
Data 0,0,0,0,0,0,0,0,0,0,0,0,0,0,0,0,0,0,0,0,0,0,0,0,0,0,0,0,0,0,0,0,0,0,0,0
Data 0,0,0,0,0,0,0,0,0,0,0,0,0,0,0,0,0,0,0,0,0,0,0,0,0,0,0,0
Data 0,0,0,0,0,0,0,0,0,0,0,0,0,0,0,0,0,0,0,0,0,0,0,0,0,0,0,0,0,0,0,0,0,0,0,0
Data 0,0,0,0,0,0,0,0,0,0,0,0,0,0,0,0,0,0,0,0,0,0,0,0,0,0,0,0,0,0,0,0,0,0,0,0
Data 0,0,0,0,0,0,0,0,0,0,0,0,0,0,0,0,0,0,0,0,0,0,0,0,0,0,0,0
Data 0,0,0,0,0,0,0,0,0,0,0,0,0,0,0,0,0,0,0,0,0,0,0,0,0,0,0,0,0,0,0,0,0,0,0,0
Data 0,0,0,0,0,0,0,0,0,0,0,0,0,0,0,0,0,0,0,0,0,0,0,0,0,0,0,0,0,0,0,0,0,0,0,0
Data 0,0,0,0,0,0,0,0,0,0,0,0,0,0,0,0,0,0,0,0,0,0,0,0,0,0,0,0
Data 0,0,0,0,0,0,0,0,0,0,0,0,0,0,0,0,0,0,0,0,0,0,0,0,0,0,0,0,0,0,0,0,0,0,0,0
Data 0,0,0,0,0,0,0,0,0,0,0,0,0,0,0,0,0,0,0,0,0,0,0,0,0,0,0,0,0,0,0,0,0,0,0,0
Data 0,0,0,0,0,0,0,0,0,0,0,0,0,0,0,0,0,0,0,0,0,0,0,0,0,0,0,0
Data 0,0,0,0,0,0,0,0,0,0,0,0,0,0,0,0,0,0,0,0,0,0,0,0,0,0,0,0,0,0,0,0,0,0,0,0
Data 0,0,0,0,0,0,0,0,0,0,0,0,0,0,0,0,0,0,0,0,0,0,0,0,0,0,0,0,0,0,0,0,0,0,0,0
Data 0,0,0,0,0,0,0,0,0,0,0,0,0,0,0,0,0,0,0,0,0,0,0,0,0,0,0,0
Data 0,0,0,0,0,0,0,0,0,0,0,0,0,0,0,0,0,0,0,0,0,0,0,0,0,0,0,0,0,0,0,0,0,0,0,0
Data 0,0,0,0,0,0,0,0,0,0,0,0,0,0,0,0,0,0,0,0,0,0,0,0,0,0,0,0,0,0,0,0,0,0,0,0
Data 0,0,0,0,0,0,0,0,0,0,0,0,0,0,0,0,0,0,0,0,0,0,0,0,0,0,0,0
Data 0,0,0,0,0,0,0,0,0,0,0,0,0,0,0,0,0,0,0,0,0,0,0,0,0,0,0,0,0,0,0,0,0,0,0,0
Data 0,0,0,0,0,0,0,0,0,0,0,0,0,0,0,0,0,0,0,0,0,0,0,0,0,0,0,0,0,0,0,0,0,0,0,0
Data 0,0,0,0,0,0,0,0,0,0,0,0,0,0,0,0,0,0,0,0,0,0,0,0,0,0,0,0
Data 0,0,0,0,0,0,0,0,0,0,0,0,0,0,0,0,0,0,0,0,0,0,0,0,0,0,0,0,0,0,0,0,0,0,0,0
Data 0,0,0,0,0,0,0,0,0,0,0,0,0,0,0,0,0,0,0,0,0,0,0,0,0,0,0,0,0,0,0,0,0,0,0,0
Data 0,0,0,0,0,0,0,0,0,0,0,0,0,0,0,0,0,0,0,0,0,0,0,0,0,0,0,0
Data 0,0,0,0,0,0,0,0,0,0,0,0,0,0,0,0,0,0,0,0,0,0,0,0,0,0,0,0,0,0,0,0,0,0,0,0
Data 0,0,0,0,0,0,0,0,0,0,0,0,0,0,0,0,0,0,0,0,0,0,0,0,0,0,0,0,0,0,0,0,0,0,0,0
Data 0,0,0,0,0,0,0,0,0,0,0,0,0,0,0,0,0,0,0,0,0,0,0,0,0,0,0,0
Data 0,0,0,0,0,0,0,0,0,0,0,0,0,0,0,0,0,0,0,0,0,0,0,0,0,0,0,0,0,0,0,0,0,0,0,0
Data 0,0,0,0,0,0,0,0,0,0,0,0,0,0,0,0,0,0,0,0,0,0,0,0,0,0,0,0,0,0,0,0,0,0,0,0
Data 0,0,0,0,0,0,0,0,0,0,0,0,0,0,0,0,0,0,0,0,0,0,0,0,0,0,0,0
Data 0,0,0,0,0,0,0,0,0,0,0,0,0,0,0,0,0,0,0,0,0,0,0,0,0,0,0,0,0,0,0,0,0,0,0,0
Data 0,0,0,0,0,0,0,0,0,0,0,0,0,0,0,0,0,0,0,0,0,0,0,0,0,0,0,0,0,0,0,0,0,0,0,0
Data 0,0,0,0,0,0,0,0,0,0,0,0,0,0,0,0,0,0,0,0,0,0,0,0,0,0,0,0
Data 0,0,0,0,0,0,0,0,0,0,0,0,0,0,0,0,0,0,0,0,0,0,0,0,0,0,0,0,0,0,0,0,0,0,0,0
Data 0,0,0,0,0,0,0,0,0,0,0,0,0,0,0,0,0,0,0,0,0,0,0,0,0,0,0,0,0,0,0,0,0,0,0,0
Data 0,0,0,0,0,0,0,0,0,0,0,0,0,0,0,0,0,0,0,0,0,0,0,0,0,0,0,0
Data 0,0,0,0,0,0,0,0,0,0,0,0,0,0,0,0,0,0,0,0,0,0,0,0,0,0,0,0,0,0,0,0,0,0,0,0
Data 0,0,0,0,0,0,0,0,0,0,0,0,0,0,0,0,0,0,0,0,0,0,0,0,0,0,0,0,0,0,0,0,0,0,0,0
Data 0,0,0,0,0,0,0,0,0,0,0,0,0,0,0,0,0,0,0,0,0,0,0,0,0,0,0,0
Data 0,0,0,0,0,0,0,0,0,0,0,0,0,0,0,0,0,0,0,0,0,0,0,0,0,0,0,0,0,0,0,0,0,0,0,0
Data 0,0,0,0,0,0,0,0,0,0,0,0,0,0,0,0,0,0,0,0,0,0,0,0,0,0,0,0,0,0,0,0,0,0,0,0
Data 0,0,0,0,0,0,0,0,0,0,0,0,0,0,0,0,0,0,0,0,0,0,0,0,0,0,0,0
Data 0,0,0,0,0,0,0,0,0,0,0,0,0,0,0,0,0,0,0,0,0,0,0,0,0,0,0,0,0,0,0,0,0,0,0,0
Data 0,0,0,0,0,0,0,0,0,0,0,0,0,0,0,0,0,0,0,0,0,0,0,0,0,0,0,0,0,0,0,0,0,0,0,0
Data 0,0,0,0,0,0,0,0,0,0,0,0,0,0,0,0,0,0,0,0,0,0,0,0,0,0,0,0
Data 0,0,0,0,0,0,0,0,0,0,0,0,0,0,0,0,0,0,0,0,0,0,0,0,0,0,0,0,0,0,0,0,0,0,0,0
Data 0,0,0,0,0,0,0,0,0,0,0,0,0,0,0,0,0,0,0,0,0,0,0,0,0,0,0,0,0,0,0,0,0,0,0,0
Data 0,0,0,0,0,0,0,0,0,0,0,0,0,0,0,0,0,0,0,0,0,0,0,0,0,0,0,0
Data 0,0,0,0,0,0,0,0,0,0,0,0,0,0,0,0,0,0,0,0,0,0,0,0,0,0,0,0,0,0,0,0,0,0,0,0
Data 0,0,0,0,0,0,0,0,0,0,0,0,0,0,0,0,0,0,0,0,0,0,0,0,0,0,0,0,0,0,0,0,0,0,0,0
Data 0,0,0,0,0,0,0,0,0,0,0,0,0,0,0,0,0,0,0,0,0,0,0,0,0,0,0,0
Data 0,0,0,0,0,0,0,0,0,0,0,0,0,0,0,0,0,0,0,0,0,0,0,0,0,0,0,0,0,0,0,0,0,0,0,0
Data 0,0,0,0,0,0,0,0,0,0,0,0,0,0,0,0,0,0,0,0,0,0,0,0,0,0,0,0,0,0,0,0,0,0,0,0
Data 0,0,0,0,0,0,0,0,0,0,0,0,0,0,0,0,0,0,0,0,0,0,0,0,0,0,0,0
Data 0,0,0,0,0,0,0,0,0,0,0,0,0,0,0,0,0,0,0,0,0,0,0,0,0,0,0,0,0,0,0,0,0,0,0,0
Data 0,0,0,0,0,0,0,0,0,0,0,0,0,0,0,0,0,0,0,0,0,0,0,0,0,0,0,0,0,0,0,0,0,0,0,0
Data 0,0,0,0,0,0,0,0,0,0,0,0,0,0,0,0,0,0,0,0,0,0,0,0,0,0,0,0
Data 0,0,0,0,0,0,0,0,0,0,0,0,0,0,0,0,0,0,0,0,0,0,0,0,0,0,0,0,0,0,0,0,0,0,0,0
Data 0,0,0,0,0,0,0,0,0,0,0,0,0,0,0,0,0,0,0,0,0,0,0,0,0,0,0,0,0,0,0,0,0,0,0,0
Data 0,0,0,0,0,0,0,0,0,0,0,0,0,0,0,0,0,0,0,0,0,0,0,0,0,0,0,0
Data 0,0,0,0,0,0,0,0,0,0,0,0,0,0,0,0,0,0,0,0,0,0,0,0,0,0,0,0,0,0,0,0,0,0,0,0
Data 0,0,0,0,0,0,0,0,0,0,0,0,0,0,0,0,0,0,0,0,0,0,0,0,0,0,0,0,0,0,0,0,0,0,0,0
Data 0,0,0,0,0,0,0,0,0,0,0,0,0,0,0,0,0,0,0,0,0,0,0,0,0,0,0,0
Data 0,0,0,0,0,0,0,0,0,0,0,0,0,0,0,0,0,0,0,0,0,0,0,0,0,0,0,0,0,0,0,0,0,0,0,0
Data 0,0,0,0,0,0,0,0,0,0,0,0,0,0,0,0,0,0,0,0,0,0,0,0,0,0,0,0,0,0,0,0,0,0,0,0
Data 0,0,0,0,0,0,0,0,0,0,0,0,0,0,0,0,0,0,0,0,0,0,0,0,0,0,0,0
Data 0,0,0,0,0,0,0,0,0,0,0,0,0,0,0,0,0,0,0,0,0,0,0,0,0,0,0,0,0,0,0,0,0,0,0,0
Data 0,0,0,0,0,0,0,0,0,0,0,0,0,0,0,0,0,0,0,0,0,0,0,0,0,0,0,0,0,0,0,0,0,0,0,0
Data 0,0,0,0,0,0,0,0,0,0,0,0,0,0,0,0,0,0,0,0,0,0,0,0,0,0,0,0


Const wall_corner_front_right_TILE_COUNT = 0
Const wall_corner_front_right_TILE_WIDTH = 16
Const wall_corner_front_right_TILE_HEIGHT = 16


Const wall_corner_left_TILE_COUNT = 0
Const wall_corner_left_TILE_WIDTH = 16
Const wall_corner_left_TILE_HEIGHT = 16


Const wall_corner_right_TILE_COUNT = 0
Const wall_corner_right_TILE_WIDTH = 16
Const wall_corner_right_TILE_HEIGHT = 16


Const wall_corner_top_left_TILE_COUNT = 0
Const wall_corner_top_left_TILE_WIDTH = 16
Const wall_corner_top_left_TILE_HEIGHT = 16


Const wall_corner_top_right_TILE_COUNT = 0
Const wall_corner_top_right_TILE_WIDTH = 16
Const wall_corner_top_right_TILE_HEIGHT = 16


Const wall_inner_corner_l_top_left_TILE_COUNT = 0
Const wall_inner_corner_l_top_left_TILE_WIDTH = 16
Const wall_inner_corner_l_top_left_TILE_HEIGHT = 16


Const wall_inner_corner_l_top_rigth_TILE_COUNT = 0
Const wall_inner_corner_l_top_rigth_TILE_WIDTH = 16
Const wall_inner_corner_l_top_rigth_TILE_HEIGHT = 16


Const wall_inner_corner_mid_left_TILE_COUNT = 0
Const wall_inner_corner_mid_left_TILE_WIDTH = 16
Const wall_inner_corner_mid_left_TILE_HEIGHT = 16


Const wall_inner_corner_mid_rigth_TILE_COUNT = 0
Const wall_inner_corner_mid_rigth_TILE_WIDTH = 16
Const wall_inner_corner_mid_rigth_TILE_HEIGHT = 16


Const wall_inner_corner_t_top_left_TILE_COUNT = 0
Const wall_inner_corner_t_top_left_TILE_WIDTH = 16
Const wall_inner_corner_t_top_left_TILE_HEIGHT = 16


Const wall_inner_corner_t_top_rigth_TILE_COUNT = 0
Const wall_inner_corner_t_top_rigth_TILE_WIDTH = 16
Const wall_inner_corner_t_top_rigth_TILE_HEIGHT = 16


Const wall_left_TILE_COUNT = 0
Const wall_left_TILE_WIDTH = 16
Const wall_left_TILE_HEIGHT = 16


Const wall_mid_TILE_COUNT = 0
Const wall_mid_TILE_WIDTH = 16
Const wall_mid_TILE_HEIGHT = 16


Const wall_right_TILE_COUNT = 0
Const wall_right_TILE_WIDTH = 16
Const wall_right_TILE_HEIGHT = 16


Const wall_side_front_left_TILE_COUNT = 0
Const wall_side_front_left_TILE_WIDTH = 16
Const wall_side_front_left_TILE_HEIGHT = 16


Const wall_side_front_right_TILE_COUNT = 0
Const wall_side_front_right_TILE_WIDTH = 16
Const wall_side_front_right_TILE_HEIGHT = 16


Const wall_side_mid_left_TILE_COUNT = 0
Const wall_side_mid_left_TILE_WIDTH = 16
Const wall_side_mid_left_TILE_HEIGHT = 16


Const wall_side_mid_right_TILE_COUNT = 0
Const wall_side_mid_right_TILE_WIDTH = 16
Const wall_side_mid_right_TILE_HEIGHT = 16


Const wall_side_top_left_TILE_COUNT = 0
Const wall_side_top_left_TILE_WIDTH = 16
Const wall_side_top_left_TILE_HEIGHT = 16


Const wall_side_top_right_TILE_COUNT = 0
Const wall_side_top_right_TILE_WIDTH = 16
Const wall_side_top_right_TILE_HEIGHT = 16


Const wall_top_left_TILE_COUNT = 0
Const wall_top_left_TILE_WIDTH = 16
Const wall_top_left_TILE_HEIGHT = 16


Const wall_top_mid_TILE_COUNT = 0
Const wall_top_mid_TILE_WIDTH = 16
Const wall_top_mid_TILE_HEIGHT = 16


Const wall_top_right_TILE_COUNT = 0
Const wall_top_right_TILE_WIDTH = 16
Const wall_top_right_TILE_HEIGHT = 16


Const edge_TILE_COUNT = 0
Const edge_TILE_WIDTH = 16
Const edge_TILE_HEIGHT = 16


Const Tiles1_TILE_COUNT = 0
Const Tiles1_TILE_WIDTH = 16
Const Tiles1_TILE_HEIGHT = 16


Const Tiles2_TILE_COUNT = 0
Const Tiles2_TILE_WIDTH = 16
Const Tiles2_TILE_HEIGHT = 16


Const Tiles3_TILE_COUNT = 0
Const Tiles3_TILE_WIDTH = 16
Const Tiles3_TILE_HEIGHT = 16


Const floor_2_TILE_COUNT = 0
Const floor_2_TILE_WIDTH = 16
Const floor_2_TILE_HEIGHT = 16


Const floor_3_TILE_COUNT = 0
Const floor_3_TILE_WIDTH = 16
Const floor_3_TILE_HEIGHT = 16


Const floor_4_TILE_COUNT = 0
Const floor_4_TILE_WIDTH = 16
Const floor_4_TILE_HEIGHT = 16


Const floor_5_TILE_COUNT = 0
Const floor_5_TILE_WIDTH = 16
Const floor_5_TILE_HEIGHT = 16


Const floor_6_TILE_COUNT = 0
Const floor_6_TILE_WIDTH = 16
Const floor_6_TILE_HEIGHT = 16


Const floor_7_TILE_COUNT = 0
Const floor_7_TILE_WIDTH = 16
Const floor_7_TILE_HEIGHT = 16


Const floor_8_TILE_COUNT = 0
Const floor_8_TILE_WIDTH = 16
Const floor_8_TILE_HEIGHT = 16


Const floor_ladder_TILE_COUNT = 0
Const floor_ladder_TILE_WIDTH = 16
Const floor_ladder_TILE_HEIGHT = 16


Const floor_spikes_anim_f0_TILE_COUNT = 0
Const floor_spikes_anim_f0_TILE_WIDTH = 16
Const floor_spikes_anim_f0_TILE_HEIGHT = 16


Const hole_TILE_COUNT = 0
Const hole_TILE_WIDTH = 16
Const hole_TILE_HEIGHT = 16


Const coulmn_base_TILE_COUNT = 0
Const coulmn_base_TILE_WIDTH = 16
Const coulmn_base_TILE_HEIGHT = 16


Const column_top_TILE_COUNT = 0
Const column_top_TILE_WIDTH = 16
Const column_top_TILE_HEIGHT = 16


Const column_mid_TILE_COUNT = 0
Const column_mid_TILE_WIDTH = 16
Const column_mid_TILE_HEIGHT = 16


Const wall_banner_blue_TILE_COUNT = 0
Const wall_banner_blue_TILE_WIDTH = 16
Const wall_banner_blue_TILE_HEIGHT = 16


Const wall_banner_green_TILE_COUNT = 0
Const wall_banner_green_TILE_WIDTH = 16
Const wall_banner_green_TILE_HEIGHT = 16


Const wall_banner_red_TILE_COUNT = 0
Const wall_banner_red_TILE_WIDTH = 16
Const wall_banner_red_TILE_HEIGHT = 16


Const wall_banner_yellow_TILE_COUNT = 0
Const wall_banner_yellow_TILE_WIDTH = 16
Const wall_banner_yellow_TILE_HEIGHT = 16


Const wall_coulmn_base_TILE_COUNT = 0
Const wall_coulmn_base_TILE_WIDTH = 16
Const wall_coulmn_base_TILE_HEIGHT = 16


Const wall_column_top_TILE_COUNT = 0
Const wall_column_top_TILE_WIDTH = 16
Const wall_column_top_TILE_HEIGHT = 16


Const wall_column_mid_TILE_COUNT = 0
Const wall_column_mid_TILE_WIDTH = 16
Const wall_column_mid_TILE_HEIGHT = 16


Const wall_fountain_basin_blue_anim_f0_TILE_COUNT = 0
Const wall_fountain_basin_blue_anim_f0_TILE_WIDTH = 16
Const wall_fountain_basin_blue_anim_f0_TILE_HEIGHT = 16


Const wall_fountain_basin_red_anim_f0_TILE_COUNT = 0
Const wall_fountain_basin_red_anim_f0_TILE_WIDTH = 16
Const wall_fountain_basin_red_anim_f0_TILE_HEIGHT = 16


Const wall_fountain_mid_blue_anim_f0_TILE_COUNT = 0
Const wall_fountain_mid_blue_anim_f0_TILE_WIDTH = 16
Const wall_fountain_mid_blue_anim_f0_TILE_HEIGHT = 16


Const wall_fountain_mid_red_anim_f0_TILE_COUNT = 0
Const wall_fountain_mid_red_anim_f0_TILE_WIDTH = 16
Const wall_fountain_mid_red_anim_f0_TILE_HEIGHT = 16


Const wall_fountain_top_TILE_COUNT = 0
Const wall_fountain_top_TILE_WIDTH = 16
Const wall_fountain_top_TILE_HEIGHT = 16


Const wall_goo_TILE_COUNT = 0
Const wall_goo_TILE_WIDTH = 16
Const wall_goo_TILE_HEIGHT = 16


Const wall_goo_base_TILE_COUNT = 0
Const wall_goo_base_TILE_WIDTH = 16
Const wall_goo_base_TILE_HEIGHT = 16


Const wall_hole_1_TILE_COUNT = 0
Const wall_hole_1_TILE_WIDTH = 16
Const wall_hole_1_TILE_HEIGHT = 16


Const wall_hole_2_TILE_COUNT = 0
Const wall_hole_2_TILE_WIDTH = 16
Const wall_hole_2_TILE_HEIGHT = 16


Const skull_TILE_COUNT = 0
Const skull_TILE_WIDTH = 16
Const skull_TILE_HEIGHT = 16


